letter,A,G,N,T,W,Y,AB,AD
A,-1.0,0.06396484375,0.67724609375,0.0068359375,0.2333984375,0.5693359375,0.26611328125,0.00048828125
G,0.06396484375,-1.0,0.1513671875,0.6220703125,0.6220703125,0.30126953125,0.67724609375,0.02099609375
N,0.67724609375,0.1513671875,-1.0,0.02685546875,0.30126953125,0.5185546875,0.30126953125,0.00244140625
T,0.0068359375,0.6220703125,0.02685546875,-1.0,0.20361328125,0.04248046875,0.01220703125,0.04248046875
W,0.2333984375,0.6220703125,0.30126953125,0.20361328125,-1.0,0.67724609375,0.791015625,0.00341796875
Y,0.5693359375,0.30126953125,0.5185546875,0.04248046875,0.67724609375,-1.0,0.9697265625,0.0068359375
AB,0.26611328125,0.67724609375,0.30126953125,0.01220703125,0.791015625,0.9697265625,-1.0,0.0068359375
AD,0.00048828125,0.02099609375,0.00244140625,0.04248046875,0.00341796875,0.0068359375,0.0068359375,-1.0
