letter,A,G,N,T,W,Y,AB,AD
A,-1.0,0.0068359375,0.05224609375,0.30126953125,0.5185546875,0.09228515625,0.9697265625,0.00341796875
G,0.0068359375,-1.0,0.00341796875,0.2333984375,0.02685546875,0.00146484375,0.00927734375,0.05224609375
N,0.05224609375,0.00341796875,-1.0,0.04248046875,0.26611328125,0.791015625,0.6220703125,0.00341796875
T,0.30126953125,0.2333984375,0.04248046875,-1.0,0.423828125,0.0341796875,0.33935546875,0.0341796875
W,0.5185546875,0.02685546875,0.26611328125,0.423828125,-1.0,0.26611328125,0.67724609375,0.02099609375
Y,0.09228515625,0.00146484375,0.791015625,0.0341796875,0.26611328125,-1.0,0.30126953125,0.0048828125
AB,0.9697265625,0.00927734375,0.6220703125,0.33935546875,0.67724609375,0.30126953125,-1.0,0.00048828125
AD,0.00341796875,0.05224609375,0.00341796875,0.0341796875,0.02099609375,0.0048828125,0.00048828125,-1.0
