letter,A,G,N,T,W,Y,AB,AD
A,-1.0,0.06396484375,0.38037109375,0.4697265625,0.6220703125,0.38037109375,0.90966796875,0.12939453125
G,0.06396484375,-1.0,0.20361328125,0.06396484375,0.5693359375,0.791015625,0.06396484375,0.5185546875
N,0.38037109375,0.20361328125,-1.0,0.4697265625,0.9697265625,0.85009765625,0.20361328125,0.2333984375
T,0.4697265625,0.06396484375,0.4697265625,-1.0,0.7333984375,0.5693359375,0.30126953125,0.17626953125
W,0.6220703125,0.5693359375,0.9697265625,0.7333984375,-1.0,0.90966796875,0.4697265625,0.38037109375
Y,0.38037109375,0.791015625,0.85009765625,0.5693359375,0.90966796875,-1.0,0.20361328125,0.423828125
AB,0.90966796875,0.06396484375,0.20361328125,0.30126953125,0.4697265625,0.20361328125,-1.0,0.0068359375
AD,0.12939453125,0.5185546875,0.2333984375,0.17626953125,0.38037109375,0.423828125,0.0068359375,-1.0
