letter,G,N,T,W,Y,AB,AD
G,-1.0,0.10986328125,0.2333984375,0.09228515625,0.01220703125,0.02099609375,0.0341796875
N,0.10986328125,-1.0,0.02099609375,0.5185546875,0.38037109375,0.6220703125,0.00048828125
T,0.2333984375,0.02099609375,-1.0,0.0068359375,0.02099609375,0.0068359375,0.06396484375
W,0.09228515625,0.5185546875,0.0068359375,-1.0,0.5185546875,0.6220703125,0.00048828125
Y,0.01220703125,0.38037109375,0.02099609375,0.5185546875,-1.0,0.423828125,0.00146484375
AB,0.02099609375,0.6220703125,0.0068359375,0.6220703125,0.423828125,-1.0,0.00341796875
AD,0.0341796875,0.00048828125,0.06396484375,0.00048828125,0.00146484375,0.00341796875,-1.0
