letter,A,G,N,T,W,Y,AB,AD
A,-1.0,0.01611328125,0.38037109375,0.02099609375,0.38037109375,0.10986328125,0.33935546875,0.00927734375
G,0.01611328125,-1.0,0.20361328125,0.67724609375,0.17626953125,0.2333984375,0.01611328125,0.5693359375
N,0.38037109375,0.20361328125,-1.0,0.30126953125,0.9697265625,0.423828125,0.85009765625,0.05224609375
T,0.02099609375,0.67724609375,0.30126953125,-1.0,0.04248046875,0.20361328125,0.02099609375,0.26611328125
W,0.38037109375,0.17626953125,0.9697265625,0.04248046875,-1.0,0.9697265625,0.9697265625,0.02685546875
Y,0.10986328125,0.2333984375,0.423828125,0.20361328125,0.9697265625,-1.0,0.9697265625,0.10986328125
AB,0.33935546875,0.01611328125,0.85009765625,0.02099609375,0.9697265625,0.9697265625,-1.0,0.00244140625
AD,0.00927734375,0.5693359375,0.05224609375,0.26611328125,0.02685546875,0.10986328125,0.00244140625,-1.0
