letter,A,G,N,T,W,Y,AB,AD
A,-1.0,0.17626953125,0.7333984375,0.38037109375,0.90966796875,0.85009765625,0.90966796875,0.33935546875
G,0.17626953125,-1.0,0.20361328125,0.9697265625,0.26611328125,0.20361328125,0.02685546875,0.5693359375
N,0.7333984375,0.20361328125,-1.0,0.423828125,0.6220703125,0.9697265625,0.20361328125,0.423828125
T,0.38037109375,0.9697265625,0.423828125,-1.0,0.20361328125,0.17626953125,0.0771484375,0.791015625
W,0.90966796875,0.26611328125,0.6220703125,0.20361328125,-1.0,0.9697265625,0.791015625,0.12939453125
Y,0.85009765625,0.20361328125,0.9697265625,0.17626953125,0.9697265625,-1.0,0.791015625,0.4697265625
AB,0.90966796875,0.02685546875,0.20361328125,0.0771484375,0.791015625,0.791015625,-1.0,0.01220703125
AD,0.33935546875,0.5693359375,0.423828125,0.791015625,0.12939453125,0.4697265625,0.01220703125,-1.0
