letter,A,G,N,T,W,Y,AB,AD
A,-1.0,0.6220703125,0.90966796875,0.20361328125,0.26611328125,0.5185546875,0.791015625,0.791015625
G,0.6220703125,-1.0,0.09228515625,0.26611328125,0.01611328125,0.1513671875,0.01611328125,0.10986328125
N,0.90966796875,0.09228515625,-1.0,0.90966796875,0.1513671875,0.33935546875,0.4697265625,0.38037109375
T,0.20361328125,0.26611328125,0.90966796875,-1.0,0.17626953125,0.5185546875,0.67724609375,0.6220703125
W,0.26611328125,0.01611328125,0.1513671875,0.17626953125,-1.0,0.6220703125,0.0771484375,0.38037109375
Y,0.5185546875,0.1513671875,0.33935546875,0.5185546875,0.6220703125,-1.0,1.0,0.4697265625
AB,0.791015625,0.01611328125,0.4697265625,0.67724609375,0.0771484375,1.0,-1.0,0.7333984375
AD,0.791015625,0.10986328125,0.38037109375,0.6220703125,0.33935546875,0.4697265625,0.7333984375,-1.0
