letter,A,G,N,T,W,Y,AB,AD
A,-1.0,0.09228515625,0.67724609375,0.85009765625,0.9697265625,0.6220703125,0.17626953125,0.8588630128278887
G,0.09228515625,-1.0,0.26611328125,0.00927734375,0.1513671875,0.38037109375,0.791015625,0.1513671875
N,0.67724609375,0.26611328125,-1.0,0.1513671875,0.33935546875,0.9697265625,0.26611328125,0.5185546875
T,0.85009765625,0.00927734375,0.1513671875,-1.0,0.4697265625,0.30126953125,0.02685546875,0.85009765625
W,0.9697265625,0.1513671875,0.33935546875,0.4697265625,-1.0,0.5693359375,0.02685546875,0.90966796875
Y,0.6220703125,0.38037109375,0.9697265625,0.30126953125,0.5693359375,-1.0,0.2333984375,0.4697265625
AB,0.17626953125,0.791015625,0.26611328125,0.02685546875,0.02685546875,0.2333984375,-1.0,0.0771484375
AD,0.8588630128278887,0.1513671875,0.5185546875,0.85009765625,0.90966796875,0.4697265625,0.0771484375,-1.0
