letter,G,N,T,W,Y,AB,AD
G,-1.0,0.12939453125,0.38037109375,0.06396484375,0.02099609375,0.7333984375,0.12939453125
N,0.12939453125,-1.0,0.05224609375,0.67724609375,0.1513671875,0.20361328125,0.01220703125
T,0.38037109375,0.05224609375,-1.0,0.1513671875,0.00927734375,0.33935546875,0.20361328125
W,0.06396484375,0.67724609375,0.1513671875,-1.0,0.20361328125,0.67724609375,0.02099609375
Y,0.02099609375,0.1513671875,0.00927734375,0.20361328125,-1.0,0.0341796875,0.0068359375
AB,0.7333984375,0.20361328125,0.33935546875,0.67724609375,0.0341796875,-1.0,0.26611328125
AD,0.12939453125,0.01220703125,0.20361328125,0.02099609375,0.0068359375,0.26611328125,-1.0
