letter,A,G,N,T,W,Y,AD
A,-1.0,0.67724609375,0.791015625,0.423828125,0.26611328125,0.423828125,0.7333984375
G,0.67724609375,-1.0,0.38037109375,0.38037109375,0.791015625,0.30126953125,0.38037109375
N,0.791015625,0.38037109375,-1.0,0.01611328125,0.05224609375,0.9697265625,0.20361328125
T,0.423828125,0.38037109375,0.01611328125,-1.0,0.9697265625,0.0341796875,0.12939453125
W,0.26611328125,0.791015625,0.05224609375,0.9697265625,-1.0,0.01611328125,0.20361328125
Y,0.423828125,0.30126953125,0.9697265625,0.0341796875,0.01611328125,-1.0,0.5693359375
AD,0.7333984375,0.38037109375,0.20361328125,0.12939453125,0.20361328125,0.5693359375,-1.0
