letter,A,G,N,T,W,Y,AB,AD
A,-1.0,0.423828125,0.67724609375,0.5185546875,0.5185546875,0.791015625,0.5693359375,0.1513671875
G,0.423828125,-1.0,0.5693359375,0.7333984375,0.791015625,0.90966796875,0.6220703125,0.17626953125
N,0.67724609375,0.5693359375,-1.0,0.7333984375,0.4697265625,0.791015625,0.33935546875,0.30126953125
T,0.5185546875,0.7333984375,0.7333984375,-1.0,0.67724609375,0.6220703125,0.38037109375,0.2333984375
W,0.5185546875,0.791015625,0.4697265625,0.67724609375,-1.0,0.5693359375,0.67724609375,0.38037109375
Y,0.791015625,0.90966796875,0.791015625,0.6220703125,0.5693359375,-1.0,0.4697265625,0.10986328125
AB,0.5693359375,0.6220703125,0.33935546875,0.38037109375,0.67724609375,0.4697265625,-1.0,0.85009765625
AD,0.1513671875,0.17626953125,0.30126953125,0.2333984375,0.38037109375,0.10986328125,0.85009765625,-1.0
