letter,A,G,N,T,W,Y,AB,AD
A,-1.0,0.5185546875,0.17626953125,0.6220703125,0.01220703125,0.33935546875,0.1513671875,0.09228515625
G,0.5185546875,-1.0,0.17626953125,0.90966796875,0.0048828125,0.12939453125,0.02685546875,0.423828125
N,0.17626953125,0.17626953125,-1.0,0.12939453125,0.38037109375,0.90966796875,0.6220703125,0.02685546875
T,0.6220703125,0.90966796875,0.12939453125,-1.0,0.00146484375,0.04248046875,0.17626953125,0.6220703125
W,0.01220703125,0.0048828125,0.38037109375,0.00146484375,-1.0,0.38037109375,0.12939453125,0.0048828125
Y,0.33935546875,0.12939453125,0.90966796875,0.04248046875,0.38037109375,-1.0,0.791015625,0.05224609375
AB,0.1513671875,0.02685546875,0.6220703125,0.17626953125,0.12939453125,0.791015625,-1.0,0.02685546875
AD,0.09228515625,0.423828125,0.02685546875,0.6220703125,0.0048828125,0.05224609375,0.02685546875,-1.0
