letter,G,N,T,W,Y,AB,AD
G,-1.0,0.2333984375,0.38037109375,0.2333984375,0.0771484375,0.6220703125,0.12939453125
N,0.2333984375,-1.0,0.01220703125,0.4697265625,0.423828125,0.67724609375,0.02099609375
T,0.38037109375,0.01220703125,-1.0,0.12939453125,0.0068359375,0.0771484375,1.0
W,0.2333984375,0.4697265625,0.12939453125,-1.0,0.10986328125,0.7333984375,0.09228515625
Y,0.0771484375,0.423828125,0.0068359375,0.10986328125,-1.0,0.30126953125,0.0068359375
AB,0.6220703125,0.67724609375,0.0771484375,0.7333984375,0.30126953125,-1.0,0.06396484375
AD,0.12939453125,0.02099609375,1.0,0.09228515625,0.0068359375,0.06396484375,-1.0
