letter,G,N,T,W,Y,AB,AD
G,-1.0,0.12939453125,0.17626953125,0.33935546875,0.05224609375,0.2333984375,0.85009765625
N,0.12939453125,-1.0,0.30126953125,0.30126953125,0.04248046875,0.90966796875,0.20361328125
T,0.17626953125,0.30126953125,-1.0,0.423828125,0.09228515625,0.2333984375,0.67724609375
W,0.33935546875,0.30126953125,0.423828125,-1.0,0.0341796875,0.00927734375,0.20361328125
Y,0.05224609375,0.04248046875,0.09228515625,0.0341796875,-1.0,0.0771484375,0.04248046875
AB,0.2333984375,0.90966796875,0.2333984375,0.00927734375,0.0771484375,-1.0,0.0771484375
AD,0.85009765625,0.20361328125,0.67724609375,0.20361328125,0.04248046875,0.0771484375,-1.0
