letter,A,G,N,T,W,Y,AB,AD
A,-1.0,0.67724609375,0.791015625,0.423828125,0.26611328125,0.423828125,0.6220703125,0.7333984375
G,0.67724609375,-1.0,0.38037109375,0.38037109375,0.791015625,0.30126953125,0.67724609375,0.38037109375
N,0.791015625,0.38037109375,-1.0,0.01611328125,0.05224609375,0.9697265625,0.7333984375,0.20361328125
T,0.423828125,0.38037109375,0.01611328125,-1.0,0.9697265625,0.0341796875,0.09228515625,0.12939453125
W,0.26611328125,0.791015625,0.05224609375,0.9697265625,-1.0,0.01611328125,0.10986328125,0.20361328125
Y,0.423828125,0.30126953125,0.9697265625,0.0341796875,0.01611328125,-1.0,0.85009765625,0.5693359375
AB,0.6220703125,0.67724609375,0.7333984375,0.09228515625,0.10986328125,0.85009765625,-1.0,0.5185546875
AD,0.7333984375,0.38037109375,0.20361328125,0.12939453125,0.20361328125,0.5693359375,0.5185546875,-1.0
