letter,A,G,N,T,W,Y,AB,AD
A,-1.0,0.5693359375,0.06396484375,0.17626953125,0.30126953125,0.5185546875,0.5693359375,1.0
G,0.5693359375,-1.0,0.00146484375,0.90966796875,0.05224609375,0.09228515625,0.85009765625,0.6220703125
N,0.06396484375,0.00146484375,-1.0,0.0341796875,0.67724609375,0.67724609375,0.02099609375,0.20361328125
T,0.17626953125,0.90966796875,0.0341796875,-1.0,0.20361328125,0.12939453125,0.90966796875,0.26611328125
W,0.30126953125,0.05224609375,0.67724609375,0.20361328125,-1.0,0.85009765625,0.06396484375,0.38037109375
Y,0.5185546875,0.09228515625,0.67724609375,0.12939453125,0.85009765625,-1.0,0.33935546875,0.2333984375
AB,0.5693359375,0.85009765625,0.02099609375,0.90966796875,0.06396484375,0.33935546875,-1.0,0.5693359375
AD,1.0,0.6220703125,0.20361328125,0.26611328125,0.38037109375,0.2333984375,0.5693359375,-1.0
