letter,A,G,N,T,W,Y,AB,AD
A,-1.0,0.67724609375,0.6220703125,0.30126953125,0.38037109375,0.5185546875,0.38037109375,0.20361328125
G,0.67724609375,-1.0,0.791015625,0.90966796875,0.6220703125,0.85009765625,0.38037109375,0.12939453125
N,0.6220703125,0.791015625,-1.0,0.791015625,0.9697265625,0.85009765625,0.9697265625,0.02099609375
T,0.30126953125,0.90966796875,0.791015625,-1.0,0.9697265625,0.33935546875,0.7333984375,0.1513671875
W,0.38037109375,0.6220703125,0.9697265625,0.9697265625,-1.0,0.67724609375,0.7333984375,0.10986328125
Y,0.5185546875,0.85009765625,0.85009765625,0.33935546875,0.67724609375,-1.0,0.7333984375,0.17626953125
AB,0.38037109375,0.38037109375,0.9697265625,0.7333984375,0.7333984375,0.7333984375,-1.0,0.04248046875
AD,0.20361328125,0.12939453125,0.02099609375,0.1513671875,0.10986328125,0.17626953125,0.04248046875,-1.0
