letter,A,G,N,T,W,Y,AB,AD
A,-1.0,0.0771484375,0.9697265625,0.02685546875,0.26611328125,0.4697265625,0.30126953125,0.01220703125
G,0.0771484375,-1.0,0.06396484375,0.06396484375,0.0771484375,0.04248046875,0.0048828125,0.05224609375
N,0.9697265625,0.06396484375,-1.0,0.0341796875,0.2333984375,0.791015625,0.17626953125,0.00341796875
T,0.02685546875,0.06396484375,0.0341796875,-1.0,0.05224609375,0.02685546875,0.00244140625,0.5185546875
W,0.26611328125,0.0771484375,0.2333984375,0.05224609375,-1.0,0.30126953125,0.85009765625,0.0048828125
Y,0.4697265625,0.04248046875,0.791015625,0.02685546875,0.30126953125,-1.0,0.6220703125,0.0068359375
AB,0.30126953125,0.0048828125,0.17626953125,0.00244140625,0.85009765625,0.6220703125,-1.0,0.00244140625
AD,0.01220703125,0.05224609375,0.00341796875,0.5185546875,0.0048828125,0.0068359375,0.00244140625,-1.0
