letter,A,G,N,T,W,Y,AB,AD
A,-1.0,1.0,0.33935546875,0.789675102094056,0.20361328125,0.12939453125,0.7333984375,0.9291527647091152
G,1.0,-1.0,0.02099609375,0.30126953125,0.0771484375,0.04248046875,0.67724609375,0.5693359375
N,0.33935546875,0.02099609375,-1.0,0.2333984375,0.7333984375,0.6220703125,0.33935546875,0.5693359375
T,0.789675102094056,0.30126953125,0.2333984375,-1.0,0.5693359375,0.18231443298387762,0.5185546875,0.7333984375
W,0.20361328125,0.0771484375,0.7333984375,0.5693359375,-1.0,0.85009765625,0.26611328125,0.423828125
Y,0.12939453125,0.04248046875,0.6220703125,0.18231443298387762,0.85009765625,-1.0,0.02099609375,0.0771484375
AB,0.7333984375,0.67724609375,0.33935546875,0.5185546875,0.26611328125,0.02099609375,-1.0,0.90966796875
AD,0.9291527647091152,0.5693359375,0.5693359375,0.7333984375,0.423828125,0.0771484375,0.90966796875,-1.0
