letter,A,G,N,T,W,Y,AB,AD
A,-1.0,0.17626953125,0.90966796875,0.6220703125,0.10986328125,0.90966796875,0.85009765625,0.0771484375
G,0.17626953125,-1.0,0.5185546875,0.1513671875,0.6220703125,0.02685546875,0.0048828125,0.5693359375
N,0.90966796875,0.5185546875,-1.0,1.0,0.4697265625,0.85009765625,0.85009765625,0.33935546875
T,0.6220703125,0.1513671875,1.0,-1.0,0.10986328125,0.67724609375,0.90966796875,0.10986328125
W,0.10986328125,0.6220703125,0.4697265625,0.10986328125,-1.0,0.17626953125,0.032767926210761376,0.7333984375
Y,0.90966796875,0.02685546875,0.85009765625,0.67724609375,0.17626953125,-1.0,0.791015625,0.1306650895957666
AB,0.85009765625,0.0048828125,0.85009765625,0.90966796875,0.032767926210761376,0.791015625,-1.0,0.09228515625
AD,0.09228515625,0.5693359375,0.33935546875,0.10986328125,0.7333984375,0.1306650895957666,0.09228515625,-1.0
